4
linear   essential      -0.250000   0.750000
linear   non-essential   0.000000   1.000000
linear   essential       0.000000   1.000000
linear   essential       0.000000   1.000000

供 1
significant   elliptical    12
	  0.287435  0.615365  0.207357  0.234375
	  0.003977  0.016943  0.002520  0.004816

招 1
significant   elliptical     6
	  0.434896  0.675651  0.207682  0.214844
	  0.009397  0.012729  0.001358  0.001605

站 1
significant   elliptical    13
	  0.291466  0.561929  0.194712  0.206731
	  0.031508  0.030207  0.004430  0.003661

平 1
significant   elliptical     1
	 -0.121094  0.506250  0.179688  0.199219
	  0.000400  0.000400  0.000400  0.000400

际 1
significant   elliptical     1
	  0.363281  0.747656  0.203125  0.234375
	  0.000400  0.000400  0.000400  0.000400

理 1
significant   elliptical     1
	  0.296875  0.650781  0.207031  0.222656
	  0.000400  0.000400  0.000400  0.000400

业 1
significant   elliptical    16
	  0.282227  0.535742  0.258301  0.223633
	  0.044518  0.094618  0.109019  0.019968

管 1
significant   elliptical     2
	  0.371094  0.801367  0.199219  0.199219
	  0.002472  0.003862  0.000400  0.000400

类 1
significant   elliptical     1
	  0.332031  0.703516  0.179688  0.214844
	  0.000400  0.000400  0.000400  0.000400

服 1
significant   elliptical    11
	  0.337713  0.719389  0.207386  0.208097
	  0.005833  0.011823  0.000966  0.000986

威 1
significant   elliptical     8
	  0.262207  0.627637  0.180664  0.195312
	  0.191321  0.007999  0.000670  0.000746

妆 1
significant   elliptical     1
	  0.285156  0.470313  0.171875  0.179688
	  0.000400  0.000400  0.000400  0.000400

权 1
significant   elliptical    15
	  0.388281  0.649531  0.219010  0.208854
	  0.081763  0.076089  0.008803  0.008069

化 1
significant   elliptical     6
	  0.342448  0.595703  0.311849  0.236979
	  0.004154  0.051087  0.055923  0.002714

者 1
significant   elliptical     9
	  0.377170  0.537674  0.165799  0.166667
	  0.028943  0.020828  0.001797  0.001820

为 1
significant   elliptical     5
	  0.654688  0.525469  0.208594  0.202344
	  0.182965  0.026383  0.002919  0.002849

职 1
significant   elliptical    12
	  0.263997  0.544792  0.179036  0.186198
	  0.137436  0.012533  0.001204  0.001366

培 1
significant   elliptical     3
	  0.335938  0.697656  0.203125  0.203125
	  0.001785  0.005667  0.000565  0.000565

师 1
significant   elliptical    16
	  0.400146  0.662646  0.212891  0.215820
	  0.046781  0.132104  0.006313  0.011740

训 1
significant   elliptical     1
	  0.285156  0.571875  0.183594  0.195312
	  0.000400  0.000400  0.000400  0.000400

评 1
significant   elliptical     1
	  0.292969  0.462891  0.144531  0.164062
	  0.000400  0.000400  0.000400  0.000400

和 1
significant   elliptical    11
	  0.341974  0.631570  0.186790  0.221591
	  0.010157  0.032652  0.002355  0.003339

资 1
significant   elliptical     1
	  0.152344  0.493750  0.152344  0.156250
	  0.000400  0.000400  0.000400  0.000400

投 1
significant   elliptical     2
	  0.119141  0.478320  0.164062  0.167969
	  0.034248  0.001192  0.000400  0.000400

股 1
significant   elliptical     1
	  0.675781  0.412109  0.140625  0.140625
	  0.000400  0.000400  0.000400  0.000400

设 1
significant   elliptical     2
	  0.261719  0.414258  0.142578  0.205078
	  0.025665  0.084274  0.008308  0.000400

全 1
significant   elliptical     6
	  0.052734  0.636784  0.363932  0.242839
	  0.382317  0.141157  0.203927  0.027719

计 1
significant   elliptical     5
	  0.407031  0.560859  0.264062  0.271875
	  0.078456  0.106008  0.018414  0.020314

联 1
significant   elliptical     8
	  0.439941  0.625000  0.194336  0.195312
	  0.013166  0.033823  0.003613  0.004255

陈 1
significant   elliptical     2
	  0.332031  0.610352  0.195312  0.193359
	  0.001953  0.000400  0.000488  0.000400

列 1
significant   elliptical     2
	  0.792969  0.445703  0.210938  0.162109
	  0.225708  0.018770  0.001953  0.001717

是 1
significant   elliptical    10
	  0.401172  0.669219  0.188281  0.193359
	  0.042565  0.017850  0.001793  0.001364

企 1
significant   elliptical     9
	  0.434896  0.457682  0.235243  0.208333
	  0.116421  0.022315  0.035339  0.001987

非 1
significant   elliptical     2
	  0.343750  0.438281  0.175781  0.156250
	  0.003052  0.053833  0.002472  0.012207

宝 1
significant   elliptical     1
	  0.015625  0.125000  0.039062  0.156250
	  0.000400  0.000400  0.000400  0.000400

票 1
significant   elliptical     1
	  0.328125  0.836328  0.203125  0.234375
	  0.000400  0.000400  0.000400  0.000400

划 1
significant   elliptical     3
	  0.286458  0.438411  0.152344  0.135417
	  0.008581  0.043465  0.001526  0.003560

策 1
significant   elliptical     1
	  0.835938  0.823828  0.347656  0.207031
	  0.000400  0.000400  0.000400  0.000400

统 1
significant   elliptical     1
	  0.285156  0.605859  0.179688  0.195312
	  0.000400  0.000400  0.000400  0.000400

智 1
significant   elliptical     8
	  0.466797  0.675098  0.190430  0.192383
	  0.189226  0.014634  0.001098  0.001172

聘 1
significant   elliptical     6
	  0.369141  0.651107  0.220052  0.208333
	  0.012444  0.079875  0.004582  0.006346

规 1
significant   elliptical     1
	  0.273438  0.555859  0.156250  0.156250
	  0.000400  0.000400  0.000400  0.000400

人 1
significant   elliptical     8
	  0.229004  0.289795  0.201660  0.180664
	  0.114519  0.004583  0.002489  0.002466

传 1
significant   elliptical     1
	  0.269531  0.405078  0.140625  0.144531
	  0.000400  0.000400  0.000400  0.000400

感 1
significant   elliptical     1
	  0.386719  0.568359  0.132812  0.152344
	  0.000400  0.000400  0.000400  0.000400

器 1
significant   elliptical     1
	  0.683594  0.567187  0.144531  0.152344
	  0.000400  0.000400  0.000400  0.000400

筑 1
significant   elliptical     1
	  0.339844  0.581641  0.207031  0.308594
	  0.000400  0.000400  0.000400  0.000400

安 1
significant   elliptical     2
	  0.240234  0.491211  0.175781  0.181641
	  0.026558  0.010276  0.001495  0.001289

机 1
significant   elliptical     2
	  0.277344  0.497070  0.167969  0.175781
	  0.001495  0.004961  0.000488  0.000488

加 1
significant   elliptical     2
	  0.314453  0.614062  0.207031  0.218750
	  0.001717  0.006866  0.000763  0.000488

教 1
significant   elliptical     1
	 -0.027344  0.475781  0.144531  0.152344
	  0.000400  0.000400  0.000400  0.000400

部 1
significant   elliptical     2
	  0.052734  0.333398  0.111328  0.128906
	  0.068855  0.051676  0.001717  0.001495

育 1
significant   elliptical     1
	  0.152344  0.495313  0.144531  0.136719
	  0.000400  0.000400  0.000400  0.000400

国 1
significant   elliptical     3
	  0.377604  0.862630  0.229167  0.235677
	  0.002385  0.010255  0.000631  0.001165

局 1
significant   elliptical     1
	 -0.023438  0.498437  0.136719  0.136719
	  0.000400  0.000400  0.000400  0.000400

电 1
significant   elliptical     1
	  0.222656  0.392188  0.140625  0.148438
	  0.000400  0.000400  0.000400  0.000400

性 1
significant   elliptical     4
	  0.341797  0.657617  0.204102  0.206055
	  0.004084  0.025571  0.001591  0.001642

养 1
significant   elliptical     1
	  0.214844  0.760156  0.214844  0.253906
	  0.000400  0.000400  0.000400  0.000400

客 1
significant   elliptical     1
	  0.359375  0.677734  0.191406  0.191406
	  0.000400  0.000400  0.000400  0.000400

高 1
significant   elliptical     3
	  0.377604  0.852344  0.217448  0.216146
	  0.000400  0.000400  0.000400  0.000400

分 1
significant   elliptical     1
	  0.410156  0.475391  0.207031  0.203125
	  0.000400  0.000400  0.000400  0.000400

提 1
significant   elliptical     4
	  0.218750  0.683105  0.221680  0.252930
	  0.027232  0.033935  0.000919  0.001448

旅 1
significant   elliptical     1
	  0.339844  0.694531  0.210938  0.218750
	  0.000400  0.000400  0.000400  0.000400

行 1
significant   elliptical     1
	  0.410156  0.587500  0.226562  0.234375
	  0.000400  0.000400  0.000400  0.000400

社 1
significant   elliptical     1
	  0.332031  0.530469  0.230469  0.218750
	  0.000400  0.000400  0.000400  0.000400

副 1
significant   elliptical     1
	  0.296875  0.648438  0.175781  0.171875
	  0.000400  0.000400  0.000400  0.000400

长 1
significant   elliptical     3
	  0.069010  0.547266  0.217448  0.216146
	  0.083776  0.018583  0.002813  0.003011

处 1
significant   elliptical     2
	  0.205078  0.506836  0.185547  0.181641
	  0.010445  0.001517  0.000400  0.000400

营 1
significant   elliptical     1
	  0.382812  0.822656  0.210938  0.210938
	  0.000400  0.000400  0.000400  0.000400

架 1
significant   elliptical     1
	  0.332031  0.646484  0.187500  0.210938
	  0.000400  0.000400  0.000400  0.000400

学 1
significant   elliptical     3
	  0.303385  0.607682  0.183594  0.191406
	  0.013006  0.000640  0.000400  0.000400

卡 1
significant   elliptical     1
	  0.046875  0.125781  0.082031  0.113281
	  0.000400  0.000400  0.000400  0.000400

信 1
significant   elliptical     2
	  0.414062  0.202539  0.125000  0.087891
	  0.113556  0.011191  0.000763  0.004036

光 1
significant   elliptical     1
	  0.941406  0.435547  0.675781  0.175781
	  0.000400  0.000400  0.000400  0.000400

通 1
significant   elliptical     2
	  0.121094  0.994336  0.474609  0.298828
	  0.281250  0.022661  0.087349  0.004768

网 1
significant   elliptical     4
	  0.324219  0.684766  0.208984  0.223633
	  0.073334  0.019457  0.001755  0.001916

路 1
significant   elliptical     1
	  0.191406  0.845312  0.234375  0.246094
	  0.000400  0.000400  0.000400  0.000400

商 1
significant   elliptical     2
	  0.310547  0.573633  0.175781  0.175781
	  0.004768  0.005854  0.000763  0.000400

销 1
significant   elliptical     2
	  1.212891  0.523438  0.156250  0.148438
	  1.839302  0.000890  0.000400  0.000400

空 1
significant   elliptical     1
	  0.328125  0.673437  0.203125  0.226562
	  0.000400  0.000400  0.000400  0.000400

跟 1
significant   elliptical     1
	  0.371094  0.811328  0.226562  0.238281
	  0.000400  0.000400  0.000400  0.000400

员 1
significant   elliptical     4
	  0.319336  0.478613  0.153320  0.155273
	  0.031467  0.006061  0.000696  0.000797

材 1
significant   elliptical     1
	 -0.042969  0.875781  0.296875  0.304688
	  0.000400  0.000400  0.000400  0.000400

求 1
significant   elliptical     2
	  0.537109  0.633398  0.226562  0.224609
	  0.000400  0.086534  0.011017  0.011604

兴 1
significant   elliptical     2
	  0.082031  0.636133  0.242188  0.191406
	  0.149536  0.233383  0.000763  0.022247

市 1
significant   elliptical     1
	  0.300781  0.562891  0.214844  0.230469
	  0.000400  0.000400  0.000400  0.000400

新 1
significant   elliptical     1
	  0.367188  0.784766  0.222656  0.242188
	  0.000400  0.000400  0.000400  0.000400

络 1
significant   elliptical     1
	  0.277344  0.884375  0.246094  0.257812
	  0.000400  0.000400  0.000400  0.000400

能 1
significant   elliptical     1
	 -0.582031  0.817187  0.218750  0.226562
	  0.000400  0.000400  0.000400  0.000400

交 1
significant   elliptical     2
	  0.378906  0.533203  0.207031  0.197266
	  0.000400  0.000400  0.000400  0.000400

务 1
significant   elliptical     6
	  0.023438  0.689713  0.227865  0.213542
	  0.171637  0.021085  0.003770  0.001554

所 1
significant   elliptical     1
	  0.359375  0.351953  0.222656  0.144531
	  0.000400  0.000400  0.000400  0.000400

便 1
significant   elliptical     1
	  0.457031  0.872266  0.265625  0.277344
	  0.000400  0.000400  0.000400  0.000400

园 1
significant   elliptical     1
	  0.351562  0.767578  0.210938  0.214844
	  0.000400  0.000400  0.000400  0.000400

经 1
significant   elliptical     1
	  0.125000  0.694141  0.207031  0.222656
	  0.000400  0.000400  0.000400  0.000400

纪 1
significant   elliptical     2
	  0.498047  0.354883  0.126953  0.167969
	  0.068855  0.150178  0.016853  0.005981

负 1
significant   elliptical     1
	  0.332031  0.594141  0.214844  0.214844
	  0.000400  0.000400  0.000400  0.000400

责 1
significant   elliptical     1
	  0.367188  0.742578  0.210938  0.199219
	  0.000400  0.000400  0.000400  0.000400

班 1
significant   elliptical     2
	  0.378906  0.707422  0.236328  0.228516
	  0.000400  0.000825  0.000400  0.000400

西 1
significant   elliptical     1
	  0.378906  0.700391  0.230469  0.250000
	  0.000400  0.000400  0.000400  0.000400

编 1
significant   elliptical     1
	  0.425781  0.846875  0.250000  0.257812
	  0.000400  0.000400  0.000400  0.000400

辑 1
significant   elliptical     1
	  0.394531  0.852344  0.210938  0.226562
	  0.000400  0.000400  0.000400  0.000400

操 1
significant   elliptical     1
	  0.640625  0.851953  0.207031  0.226562
	  0.000400  0.000400  0.000400  0.000400

作 1
significant   elliptical     2
	  0.384766  0.533984  0.205078  0.208984
	  0.000400  0.000400  0.000400  0.000400

主 1
significant   elliptical     1
	  0.324219  0.514453  0.234375  0.214844
	  0.000400  0.000400  0.000400  0.000400

制 1
significant   elliptical     1
	  0.363281  0.744531  0.214844  0.230469
	  0.000400  0.000400  0.000400  0.000400

厨 1
significant   elliptical     2
	  0.039062  0.959766  0.244141  0.251953
	  0.029327  0.047856  0.003365  0.003365

鉴 1
significant   elliptical     1
	  1.179688  0.511328  0.144531  0.148438
	  0.000400  0.000400  0.000400  0.000400

定 1
significant   elliptical     1
	  0.441406  1.067969  0.707031  0.355469
	  0.000400  0.000400  0.000400  0.000400

尔 1
significant   elliptical     2
	  0.351562  0.550586  0.195312  0.201172
	  0.000488  0.000841  0.000400  0.000400

物 1
significant   elliptical     1
	  0.164062  0.672656  0.187500  0.199219
	  0.000400  0.000400  0.000400  0.000400

博 1
significant   elliptical     1
	  0.457031  0.644531  0.183594  0.179688
	  0.000400  0.000400  0.000400  0.000400

馆 1
significant   elliptical     1
	  0.324219  0.634766  0.183594  0.191406
	  0.000400  0.000400  0.000400  0.000400

险 1
significant   elliptical     1
	  0.328125  0.764844  0.214844  0.222656
	  0.000400  0.000400  0.000400  0.000400

金 1
significant   elliptical     3
	  0.207031  0.434375  0.141927  0.145833
	  0.069534  0.044915  0.004949  0.004949

法 1
significant   elliptical     2
	  0.275391  0.482617  0.177734  0.175781
	  0.009346  0.040769  0.002754  0.003052

工 1
significant   elliptical     2
	  0.230469  0.295117  0.191406  0.144531
	  0.000400  0.000400  0.000400  0.000400

才 1
significant   elliptical     3
	  0.901042  0.558203  0.261719  0.270833
	  1.250158  0.129867  0.028854  0.030858

程 1
significant   elliptical     2
	  0.044922  0.528320  0.148438  0.160156
	  0.016853  0.000400  0.000400  0.000400

属 1
significant   elliptical     1
	  0.347656  0.306250  0.074219  0.074219
	  0.000400  0.000400  0.000400  0.000400

事 1
significant   elliptical     2
	  0.486328  0.768164  0.199219  0.207031
	  0.016853  0.000452  0.000400  0.000400

办 1
significant   elliptical     1
	  0.300781  0.455859  0.179688  0.203125
	  0.000400  0.000400  0.000400  0.000400

审 1
significant   elliptical     1
	  0.140625  0.464453  0.132812  0.566406
	  0.000400  0.000400  0.000400  0.000400

建 1
significant   elliptical     1
	 -0.011719  0.644141  0.183594  0.199219
	  0.000400  0.000400  0.000400  0.000400

放 1
significant   elliptical     1
	  0.257812  0.512109  0.171875  0.167969
	  0.000400  0.000400  0.000400  0.000400

射 1
significant   elliptical     1
	  0.367188  0.503125  0.164062  0.179688
	  0.000400  0.000400  0.000400  0.000400

董 1
significant   elliptical     1
	  0.335938  0.999219  0.210938  0.238281
	  0.000400  0.000400  0.000400  0.000400

淘 1
significant   elliptical     1
	 -0.324219  0.139062  0.144531  0.074219
	  0.000400  0.000400  0.000400  0.000400

店 1
significant   elliptical     1
	 -0.281250  0.869141  0.304688  0.300781
	  0.000400  0.000400  0.000400  0.000400

生 1
significant   elliptical     2
	  0.314453  0.559180  0.226562  0.236328
	  0.000400  0.000400  0.000400  0.000400

预 1
significant   elliptical     1
	  0.152344  0.714063  0.265625  0.164062
	  0.000400  0.000400  0.000400  0.000400

家 1
significant   elliptical     1
	  0.343750  0.713281  0.195312  0.210938
	  0.000400  0.000400  0.000400  0.000400

大 1
significant   elliptical     1
	  0.316406  0.391016  0.199219  0.214844
	  0.000400  0.000400  0.000400  0.000400

孵 1
significant   elliptical     1
	  0.273438  0.615625  0.140625  0.160156
	  0.000400  0.000400  0.000400  0.000400

救 1
significant   elliptical     1
	 -0.019531  0.470703  0.136719  0.144531
	  0.000400  0.000400  0.000400  0.000400
