281
NULL 0 NULL 0
Joined 0 0,255,0,255,0,0,0,0,0,0 NULL 0 0 0 	# Joined [4a 6f 69 6e 65 64 ]
|Broken|0|1 0 0,255,0,255,0,0,0,0,0,0 NULL 0 0 0 	# Broken
旅 0 0,255,0,255,0,0,0,0,0,0 NULL 0 0 0 	# 旅 [65c5 ]
威 0 0,255,0,255,0,0,0,0,0,0 NULL 0 0 0 	# 威 [5a01 ]
行 0 0,255,0,255,0,0,0,0,0,0 NULL 0 0 0 	# 行 [884c ]
招 0 0,255,0,255,0,0,0,0,0,0 NULL 0 0 0 	# 招 [62db ]
供 0 0,255,0,255,0,0,0,0,0,0 NULL 0 0 0 	# 供 [4f9b ]
压 0 0,255,0,255,0,0,0,0,0,0 NULL 0 0 0 	# 压 [538b ]
站 0 0,255,0,255,0,0,0,0,0,0 NULL 0 0 0 	# 站 [7ad9 ]
空 0 0,255,0,255,0,0,0,0,0,0 NULL 0 0 0 	# 空 [7a7a ]
机 0 0,255,0,255,0,0,0,0,0,0 NULL 0 0 0 	# 机 [673a ]
才 0 0,255,0,255,0,0,0,0,0,0 NULL 0 0 0 	# 才 [624d ]
属 0 0,255,0,255,0,0,0,0,0,0 NULL 0 0 0 	# 属 [5c5e ]
金 0 0,255,0,255,0,0,0,0,0,0 NULL 0 0 0 	# 金 [91d1 ]
性 0 0,255,0,255,0,0,0,0,0,0 NULL 0 0 0 	# 性 [6027 ]
服 0 0,255,0,255,0,0,0,0,0,0 NULL 0 0 0 	# 服 [670d ]
非 0 0,255,0,255,0,0,0,0,0,0 NULL 0 0 0 	# 非 [975e ]
求 0 0,255,0,255,0,0,0,0,0,0 NULL 0 0 0 	# 求 [6c42 ]
工 0 0,255,0,255,0,0,0,0,0,0 NULL 0 0 0 	# 工 [5de5 ]
国 0 0,255,0,255,0,0,0,0,0,0 NULL 0 0 0 	# 国 [56fd ]
装 0 0,255,0,255,0,0,0,0,0,0 NULL 0 0 0 	# 装 [88c5 ]
为 0 0,255,0,255,0,0,0,0,0,0 NULL 0 0 0 	# 为 [4e3a ]
女 0 0,255,0,255,0,0,0,0,0,0 NULL 0 0 0 	# 女 [5973 ]
业 0 0,255,0,255,0,0,0,0,0,0 NULL 0 0 0 	# 业 [4e1a ]
际 0 0,255,0,255,0,0,0,0,0,0 NULL 0 0 0 	# 际 [9645 ]
平 0 0,255,0,255,0,0,0,0,0,0 NULL 0 0 0 	# 平 [5e73 ]
展 0 0,255,0,255,0,0,0,0,0,0 NULL 0 0 0 	# 展 [5c55 ]
车 0 0,255,0,255,0,0,0,0,0,0 NULL 0 0 0 	# 车 [8f66 ]
提 0 0,255,0,255,0,0,0,0,0,0 NULL 0 0 0 	# 提 [63d0 ]
汽 0 0,255,0,255,0,0,0,0,0,0 NULL 0 0 0 	# 汽 [6c7d ]
人 0 0,255,0,255,0,0,0,0,0,0 NULL 0 0 0 	# 人 [4eba ]
理 0 0,255,0,255,0,0,0,0,0,0 NULL 0 0 0 	# 理 [7406 ]
类 0 0,255,0,255,0,0,0,0,0,0 NULL 0 0 0 	# 类 [7c7b ]
管 0 0,255,0,255,0,0,0,0,0,0 NULL 0 0 0 	# 管 [7ba1 ]
铝 0 0,255,0,255,0,0,0,0,0,0 NULL 0 0 0 	# 铝 [94dd ]
全 0 0,255,0,255,0,0,0,0,0,0 NULL 0 0 0 	# 全 [5168 ]
合 0 0,255,0,255,0,0,0,0,0,0 NULL 0 0 0 	# 合 [5408 ]
企 0 0,255,0,255,0,0,0,0,0,0 NULL 0 0 0 	# 企 [4f01 ]
械 0 0,255,0,255,0,0,0,0,0,0 NULL 0 0 0 	# 械 [68b0 ]
贸 0 0,255,0,255,0,0,0,0,0,0 NULL 0 0 0 	# 贸 [8d38 ]
者 0 0,255,0,255,0,0,0,0,0,0 NULL 0 0 0 	# 者 [8005 ]
易 0 0,255,0,255,0,0,0,0,0,0 NULL 0 0 0 	# 易 [6613 ]
联 0 0,255,0,255,0,0,0,0,0,0 NULL 0 0 0 	# 联 [8054 ]
聘 0 0,255,0,255,0,0,0,0,0,0 NULL 0 0 0 	# 聘 [8058 ]
锂 0 0,255,0,255,0,0,0,0,0,0 NULL 0 0 0 	# 锂 [9502 ]
电 0 0,255,0,255,0,0,0,0,0,0 NULL 0 0 0 	# 电 [7535 ]
智 0 0,255,0,255,0,0,0,0,0,0 NULL 0 0 0 	# 智 [667a ]
池 0 0,255,0,255,0,0,0,0,0,0 NULL 0 0 0 	# 池 [6c60 ]
示 0 0,255,0,255,0,0,0,0,0,0 NULL 0 0 0 	# 示 [793a ]
屏 0 0,255,0,255,0,0,0,0,0,0 NULL 0 0 0 	# 屏 [5c4f ]
显 0 0,255,0,255,0,0,0,0,0,0 NULL 0 0 0 	# 显 [663e ]
权 0 0,255,0,255,0,0,0,0,0,0 NULL 0 0 0 	# 权 [6743 ]
部 0 0,255,0,255,0,0,0,0,0,0 NULL 0 0 0 	# 部 [90e8 ]
息 0 0,255,0,255,0,0,0,0,0,0 NULL 0 0 0 	# 息 [606f ]
信 0 0,255,0,255,0,0,0,0,0,0 NULL 0 0 0 	# 信 [4fe1 ]
网 0 0,255,0,255,0,0,0,0,0,0 NULL 0 0 0 	# 网 [7f51 ]
秘 0 0,255,0,255,0,0,0,0,0,0 NULL 0 0 0 	# 秘 [79d8 ]
书 0 0,255,0,255,0,0,0,0,0,0 NULL 0 0 0 	# 书 [4e66 ]
长 0 0,255,0,255,0,0,0,0,0,0 NULL 0 0 0 	# 长 [957f ]
化 0 0,255,0,255,0,0,0,0,0,0 NULL 0 0 0 	# 化 [5316 ]
妆 0 0,255,0,255,0,0,0,0,0,0 NULL 0 0 0 	# 妆 [5986 ]
预 0 0,255,0,255,0,0,0,0,0,0 NULL 0 0 0 	# 预 [9884 ]
算 0 0,255,0,255,0,0,0,0,0,0 NULL 0 0 0 	# 算 [7b97 ]
杳 0 0,255,0,255,0,0,0,0,0,0 NULL 0 0 0 	# 杳 [6773 ]
检 0 0,255,0,255,0,0,0,0,0,0 NULL 0 0 0 	# 检 [68c0 ]
员 0 0,255,0,255,0,0,0,0,0,0 NULL 0 0 0 	# 员 [5458 ]
培 0 0,255,0,255,0,0,0,0,0,0 NULL 0 0 0 	# 培 [57f9 ]
职 0 0,255,0,255,0,0,0,0,0,0 NULL 0 0 0 	# 职 [804c ]
训 0 0,255,0,255,0,0,0,0,0,0 NULL 0 0 0 	# 训 [8bad ]
师 0 0,255,0,255,0,0,0,0,0,0 NULL 0 0 0 	# 师 [5e08 ]
猫 0 0,255,0,255,0,0,0,0,0,0 NULL 0 0 0 	# 猫 [732b ]
务 0 0,255,0,255,0,0,0,0,0,0 NULL 0 0 0 	# 务 [52a1 ]
天 0 0,255,0,255,0,0,0,0,0,0 NULL 0 0 0 	# 天 [5929 ]
维 0 0,255,0,255,0,0,0,0,0,0 NULL 0 0 0 	# 维 [7ef4 ]
修 0 0,255,0,255,0,0,0,0,0,0 NULL 0 0 0 	# 修 [4fee ]
和 0 0,255,0,255,0,0,0,0,0,0 NULL 0 0 0 	# 和 [548c ]
估 0 0,255,0,255,0,0,0,0,0,0 NULL 0 0 0 	# 估 [4f30 ]
评 0 0,255,0,255,0,0,0,0,0,0 NULL 0 0 0 	# 评 [8bc4 ]
厂 0 0,255,0,255,0,0,0,0,0,0 NULL 0 0 0 	# 厂 [5382 ]
具 0 0,255,0,255,0,0,0,0,0,0 NULL 0 0 0 	# 具 [5177 ]
家 0 0,255,0,255,0,0,0,0,0,0 NULL 0 0 0 	# 家 [5bb6 ]
厅 0 0,255,0,255,0,0,0,0,0,0 NULL 0 0 0 	# 厅 [5385 ]
营 0 0,255,0,255,0,0,0,0,0,0 NULL 0 0 0 	# 营 [8425 ]
验 0 0,255,0,255,0,0,0,0,0,0 NULL 0 0 0 	# 验 [9a8c ]
资 0 0,255,0,255,0,0,0,0,0,0 NULL 0 0 0 	# 资 [8d44 ]
股 0 0,255,0,255,0,0,0,0,0,0 NULL 0 0 0 	# 股 [80a1 ]
投 0 0,255,0,255,0,0,0,0,0,0 NULL 0 0 0 	# 投 [6295 ]
计 0 0,255,0,255,0,0,0,0,0,0 NULL 0 0 0 	# 计 [8ba1 ]
设 0 0,255,0,255,0,0,0,0,0,0 NULL 0 0 0 	# 设 [8bbe ]
列 0 0,255,0,255,0,0,0,0,0,0 NULL 0 0 0 	# 列 [5217 ]
陈 0 0,255,0,255,0,0,0,0,0,0 NULL 0 0 0 	# 陈 [9648 ]
序 0 0,255,0,255,0,0,0,0,0,0 NULL 0 0 0 	# 序 [5e8f ]
程 0 0,255,0,255,0,0,0,0,0,0 NULL 0 0 0 	# 程 [7a0b ]
库 0 0,255,0,255,0,0,0,0,0,0 NULL 0 0 0 	# 库 [5e93 ]
据 0 0,255,0,255,0,0,0,0,0,0 NULL 0 0 0 	# 据 [636e ]
数 0 0,255,0,255,0,0,0,0,0,0 NULL 0 0 0 	# 数 [6570 ]
捂 0 0,255,0,255,0,0,0,0,0,0 NULL 0 0 0 	# 捂 [6342 ]
是 0 0,255,0,255,0,0,0,0,0,0 NULL 0 0 0 	# 是 [662f ]
宝 0 0,255,0,255,0,0,0,0,0,0 NULL 0 0 0 	# 宝 [5b9d ]
淘 0 0,255,0,255,0,0,0,0,0,0 NULL 0 0 0 	# 淘 [6dd8 ]
店 0 0,255,0,255,0,0,0,0,0,0 NULL 0 0 0 	# 店 [5e97 ]
利 0 0,255,0,255,0,0,0,0,0,0 NULL 0 0 0 	# 利 [5229 ]
便 0 0,255,0,255,0,0,0,0,0,0 NULL 0 0 0 	# 便 [4fbf ]
基 0 0,255,0,255,0,0,0,0,0,0 NULL 0 0 0 	# 基 [57fa ]
治 0 0,255,0,255,0,0,0,0,0,0 NULL 0 0 0 	# 治 [6cbb ]
疗 0 0,255,0,255,0,0,0,0,0,0 NULL 0 0 0 	# 疗 [7597 ]
艺 0 0,255,0,255,0,0,0,0,0,0 NULL 0 0 0 	# 艺 [827a ]
术 0 0,255,0,255,0,0,0,0,0,0 NULL 0 0 0 	# 术 [672f ]
标 0 0,255,0,255,0,0,0,0,0,0 NULL 0 0 0 	# 标 [6807 ]
讹 0 0,255,0,255,0,0,0,0,0,0 NULL 0 0 0 	# 讹 [8bb9 ]
准 0 0,255,0,255,0,0,0,0,0,0 NULL 0 0 0 	# 准 [51c6 ]
力 0 0,255,0,255,0,0,0,0,0,0 NULL 0 0 0 	# 力 [529b ]
动 0 0,255,0,255,0,0,0,0,0,0 NULL 0 0 0 	# 动 [52a8 ]
剧 0 0,255,0,255,0,0,0,0,0,0 NULL 0 0 0 	# 剧 [5267 ]
络 0 0,255,0,255,0,0,0,0,0,0 NULL 0 0 0 	# 络 [7edc ]
怀 0 0,255,0,255,0,0,0,0,0,0 NULL 0 0 0 	# 怀 [6000 ]
开 0 0,255,0,255,0,0,0,0,0,0 NULL 0 0 0 	# 开 [5f00 ]
票 0 0,255,0,255,0,0,0,0,0,0 NULL 0 0 0 	# 票 [7968 ]
划 0 0,255,0,255,0,0,0,0,0,0 NULL 0 0 0 	# 划 [5212 ]
策 0 0,255,0,255,0,0,0,0,0,0 NULL 0 0 0 	# 策 [7b56 ]
净 0 0,255,0,255,0,0,0,0,0,0 NULL 0 0 0 	# 净 [51c0 ]
器 0 0,255,0,255,0,0,0,0,0,0 NULL 0 0 0 	# 器 [5668 ]
医 0 0,255,0,255,0,0,0,0,0,0 NULL 0 0 0 	# 医 [533b ]
兽 0 0,255,0,255,0,0,0,0,0,0 NULL 0 0 0 	# 兽 [517d ]
容 0 0,255,0,255,0,0,0,0,0,0 NULL 0 0 0 	# 容 [5bb9 ]
美 0 0,255,0,255,0,0,0,0,0,0 NULL 0 0 0 	# 美 [7f8e ]
统 0 0,255,0,255,0,0,0,0,0,0 NULL 0 0 0 	# 统 [7edf ]
规 0 0,255,0,255,0,0,0,0,0,0 NULL 0 0 0 	# 规 [89c4 ]
感 0 0,255,0,255,0,0,0,0,0,0 NULL 0 0 0 	# 感 [611f ]
传 0 0,255,0,255,0,0,0,0,0,0 NULL 0 0 0 	# 传 [4f20 ]
筑 0 0,255,0,255,0,0,0,0,0,0 NULL 0 0 0 	# 筑 [7b51 ]
建 0 0,255,0,255,0,0,0,0,0,0 NULL 0 0 0 	# 建 [5efa ]
环 0 0,255,0,255,0,0,0,0,0,0 NULL 0 0 0 	# 环 [73af ]
安 0 0,255,0,255,0,0,0,0,0,0 NULL 0 0 0 	# 安 [5b89 ]
加 0 0,255,0,255,0,0,0,0,0,0 NULL 0 0 0 	# 加 [52a0 ]
经 0 0,255,0,255,0,0,0,0,0,0 NULL 0 0 0 	# 经 [7ecf ]
心 0 0,255,0,255,0,0,0,0,0,0 NULL 0 0 0 	# 心 [5fc3 ]
育 0 0,255,0,255,0,0,0,0,0,0 NULL 0 0 0 	# 育 [80b2 ]
教 0 0,255,0,255,0,0,0,0,0,0 NULL 0 0 0 	# 教 [6559 ]
构 0 0,255,0,255,0,0,0,0,0,0 NULL 0 0 0 	# 构 [6784 ]
险 0 0,255,0,255,0,0,0,0,0,0 NULL 0 0 0 	# 险 [9669 ]
危 0 0,255,0,255,0,0,0,0,0,0 NULL 0 0 0 	# 危 [5371 ]
局 0 0,255,0,255,0,0,0,0,0,0 NULL 0 0 0 	# 局 [5c40 ]
养 0 0,255,0,255,0,0,0,0,0,0 NULL 0 0 0 	# 养 [517b ]
客 0 0,255,0,255,0,0,0,0,0,0 NULL 0 0 0 	# 客 [5ba2 ]
司 0 0,255,0,255,0,0,0,0,0,0 NULL 0 0 0 	# 司 [53f8 ]
公 0 0,255,0,255,0,0,0,0,0,0 NULL 0 0 0 	# 公 [516c ]
分 0 0,255,0,255,0,0,0,0,0,0 NULL 0 0 0 	# 分 [5206 ]
初 0 0,255,0,255,0,0,0,0,0,0 NULL 0 0 0 	# 初 [521d ]
级 0 0,255,0,255,0,0,0,0,0,0 NULL 0 0 0 	# 级 [7ea7 ]
证 0 0,255,0,255,0,0,0,0,0,0 NULL 0 0 0 	# 证 [8bc1 ]
单 0 0,255,0,255,0,0,0,0,0,0 NULL 0 0 0 	# 单 [5355 ]
子 0 0,255,0,255,0,0,0,0,0,0 NULL 0 0 0 	# 子 [5b50 ]
高 0 0,255,0,255,0,0,0,0,0,0 NULL 0 0 0 	# 高 [9ad8 ]
试 0 0,255,0,255,0,0,0,0,0,0 NULL 0 0 0 	# 试 [8bd5 ]
室 0 0,255,0,255,0,0,0,0,0,0 NULL 0 0 0 	# 室 [5ba4 ]
销 0 0,255,0,255,0,0,0,0,0,0 NULL 0 0 0 	# 销 [9500 ]
中 0 0,255,0,255,0,0,0,0,0,0 NULL 0 0 0 	# 中 [4e2d ]
锁 0 0,255,0,255,0,0,0,0,0,0 NULL 0 0 0 	# 锁 [9501 ]
连 0 0,255,0,255,0,0,0,0,0,0 NULL 0 0 0 	# 连 [8fde ]
不 0 0,255,0,255,0,0,0,0,0,0 NULL 0 0 0 	# 不 [4e0d ]
析 0 0,255,0,255,0,0,0,0,0,0 NULL 0 0 0 	# 析 [6790 ]
气 0 0,255,0,255,0,0,0,0,0,0 NULL 0 0 0 	# 气 [6c14 ]
沼 0 0,255,0,255,0,0,0,0,0,0 NULL 0 0 0 	# 沼 [6cbc ]
酒 0 0,255,0,255,0,0,0,0,0,0 NULL 0 0 0 	# 酒 [9152 ]
社 0 0,255,0,255,0,0,0,0,0,0 NULL 0 0 0 	# 社 [793e ]
餐 0 0,255,0,255,0,0,0,0,0,0 NULL 0 0 0 	# 餐 [9910 ]
快 0 0,255,0,255,0,0,0,0,0,0 NULL 0 0 0 	# 快 [5feb ]
处 0 0,255,0,255,0,0,0,0,0,0 NULL 0 0 0 	# 处 [5904 ]
副 0 0,255,0,255,0,0,0,0,0,0 NULL 0 0 0 	# 副 [526f ]
土 0 0,255,0,255,0,0,0,0,0,0 NULL 0 0 0 	# 土 [571f ]
凝 0 0,255,0,255,0,0,0,0,0,0 NULL 0 0 0 	# 凝 [51dd ]
混 0 0,255,0,255,0,0,0,0,0,0 NULL 0 0 0 	# 混 [6df7 ]
学 0 0,255,0,255,0,0,0,0,0,0 NULL 0 0 0 	# 学 [5b66 ]
架 0 0,255,0,255,0,0,0,0,0,0 NULL 0 0 0 	# 架 [67b6 ]
用 0 0,255,0,255,0,0,0,0,0,0 NULL 0 0 0 	# 用 [7528 ]
卡 0 0,255,0,255,0,0,0,0,0,0 NULL 0 0 0 	# 卡 [5361 ]
生 0 0,255,0,255,0,0,0,0,0,0 NULL 0 0 0 	# 生 [751f ]
产 0 0,255,0,255,0,0,0,0,0,0 NULL 0 0 0 	# 产 [4ea7 ]
导 0 0,255,0,255,0,0,0,0,0,0 NULL 0 0 0 	# 导 [5bfc ]
指 0 0,255,0,255,0,0,0,0,0,0 NULL 0 0 0 	# 指 [6307 ]
通 0 0,255,0,255,0,0,0,0,0,0 NULL 0 0 0 	# 通 [901a ]
光 0 0,255,0,255,0,0,0,0,0,0 NULL 0 0 0 	# 光 [5149 ]
速 0 0,255,0,255,0,0,0,0,0,0 NULL 0 0 0 	# 速 [901f ]
断 0 0,255,0,255,0,0,0,0,0,0 NULL 0 0 0 	# 断 [65ad ]
路 0 0,255,0,255,0,0,0,0,0,0 NULL 0 0 0 	# 路 [8def ]
布 0 0,255,0,255,0,0,0,0,0,0 NULL 0 0 0 	# 布 [5e03 ]
藏 0 0,255,0,255,0,0,0,0,0,0 NULL 0 0 0 	# 藏 [85cf ]
品 0 0,255,0,255,0,0,0,0,0,0 NULL 0 0 0 	# 品 [54c1 ]
收 0 0,255,0,255,0,0,0,0,0,0 NULL 0 0 0 	# 收 [6536 ]
商 0 0,255,0,255,0,0,0,0,0,0 NULL 0 0 0 	# 商 [5546 ]
董 0 0,255,0,255,0,0,0,0,0,0 NULL 0 0 0 	# 董 [8463 ]
源 0 0,255,0,255,0,0,0,0,0,0 NULL 0 0 0 	# 源 [6e90 ]
科 0 0,255,0,255,0,0,0,0,0,0 NULL 0 0 0 	# 科 [79d1 ]
图 0 0,255,0,255,0,0,0,0,0,0 NULL 0 0 0 	# 图 [56fe ]
制 0 0,255,0,255,0,0,0,0,0,0 NULL 0 0 0 	# 制 [5236 ]
驶 0 0,255,0,255,0,0,0,0,0,0 NULL 0 0 0 	# 驶 [9a76 ]
驾 0 0,255,0,255,0,0,0,0,0,0 NULL 0 0 0 	# 驾 [9a7e ]
事 0 0,255,0,255,0,0,0,0,0,0 NULL 0 0 0 	# 事 [4e8b ]
技 0 0,255,0,255,0,0,0,0,0,0 NULL 0 0 0 	# 技 [6280 ]
乐 0 0,255,0,255,0,0,0,0,0,0 NULL 0 0 0 	# 乐 [4e50 ]
俱 0 0,255,0,255,0,0,0,0,0,0 NULL 0 0 0 	# 俱 [4ff1 ]
话 0 0,255,0,255,0,0,0,0,0,0 NULL 0 0 0 	# 话 [8bdd ]
跟 0 0,255,0,255,0,0,0,0,0,0 NULL 0 0 0 	# 跟 [8ddf ]
料 0 0,255,0,255,0,0,0,0,0,0 NULL 0 0 0 	# 料 [6599 ]
兴 0 0,255,0,255,0,0,0,0,0,0 NULL 0 0 0 	# 兴 [5174 ]
材 0 0,255,0,255,0,0,0,0,0,0 NULL 0 0 0 	# 材 [6750 ]
场 0 0,255,0,255,0,0,0,0,0,0 NULL 0 0 0 	# 场 [573a ]
市 0 0,255,0,255,0,0,0,0,0,0 NULL 0 0 0 	# 市 [5e02 ]
新 0 0,255,0,255,0,0,0,0,0,0 NULL 0 0 0 	# 新 [65b0 ]
能 0 0,255,0,255,0,0,0,0,0,0 NULL 0 0 0 	# 能 [80fd ]
交 0 0,255,0,255,0,0,0,0,0,0 NULL 0 0 0 	# 交 [4ea4 ]
所 0 0,255,0,255,0,0,0,0,0,0 NULL 0 0 0 	# 所 [6240 ]
健 0 0,255,0,255,0,0,0,0,0,0 NULL 0 0 0 	# 健 [5065 ]
保 0 0,255,0,255,0,0,0,0,0,0 NULL 0 0 0 	# 保 [4fdd ]
尔 0 0,255,0,255,0,0,0,0,0,0 NULL 0 0 0 	# 尔 [5c14 ]
夫 0 0,255,0,255,0,0,0,0,0,0 NULL 0 0 0 	# 夫 [592b ]
园 0 0,255,0,255,0,0,0,0,0,0 NULL 0 0 0 	# 园 [56ed ]
侈 0 0,255,0,255,0,0,0,0,0,0 NULL 0 0 0 	# 侈 [4f88 ]
奢 0 0,255,0,255,0,0,0,0,0,0 NULL 0 0 0 	# 奢 [5962 ]
纪 0 0,255,0,255,0,0,0,0,0,0 NULL 0 0 0 	# 纪 [7eaa ]
购 0 0,255,0,255,0,0,0,0,0,0 NULL 0 0 0 	# 购 [8d2d ]
采 0 0,255,0,255,0,0,0,0,0,0 NULL 0 0 0 	# 采 [91c7 ]
变 0 0,255,0,255,0,0,0,0,0,0 NULL 0 0 0 	# 变 [53d8 ]
编 0 0,255,0,255,0,0,0,0,0,0 NULL 0 0 0 	# 编 [7f16 ]
大 0 0,255,0,255,0,0,0,0,0,0 NULL 0 0 0 	# 大 [5927 ]
院 0 0,255,0,255,0,0,0,0,0,0 NULL 0 0 0 	# 院 [9662 ]
责 0 0,255,0,255,0,0,0,0,0,0 NULL 0 0 0 	# 责 [8d23 ]
负 0 0,255,0,255,0,0,0,0,0,0 NULL 0 0 0 	# 负 [8d1f ]
洗 0 0,255,0,255,0,0,0,0,0,0 NULL 0 0 0 	# 洗 [6d17 ]
干 0 0,255,0,255,0,0,0,0,0,0 NULL 0 0 0 	# 干 [5e72 ]
西 0 0,255,0,255,0,0,0,0,0,0 NULL 0 0 0 	# 西 [897f ]
班 0 0,255,0,255,0,0,0,0,0,0 NULL 0 0 0 	# 班 [73ed ]
牙 0 0,255,0,255,0,0,0,0,0,0 NULL 0 0 0 	# 牙 [7259 ]
辑 0 0,255,0,255,0,0,0,0,0,0 NULL 0 0 0 	# 辑 [8f91 ]
作 0 0,255,0,255,0,0,0,0,0,0 NULL 0 0 0 	# 作 [4f5c ]
操 0 0,255,0,255,0,0,0,0,0,0 NULL 0 0 0 	# 操 [64cd ]
任 0 0,255,0,255,0,0,0,0,0,0 NULL 0 0 0 	# 任 [4efb ]
主 0 0,255,0,255,0,0,0,0,0,0 NULL 0 0 0 	# 主 [4e3b ]
厨 0 0,255,0,255,0,0,0,0,0,0 NULL 0 0 0 	# 厨 [53a8 ]
定 0 0,255,0,255,0,0,0,0,0,0 NULL 0 0 0 	# 定 [5b9a ]
鉴 0 0,255,0,255,0,0,0,0,0,0 NULL 0 0 0 	# 鉴 [9274 ]
说 0 0,255,0,255,0,0,0,0,0,0 NULL 0 0 0 	# 说 [8bf4 ]
解 0 0,255,0,255,0,0,0,0,0,0 NULL 0 0 0 	# 解 [89e3 ]
输 0 0,255,0,255,0,0,0,0,0,0 NULL 0 0 0 	# 输 [8f93 ]
运 0 0,255,0,255,0,0,0,0,0,0 NULL 0 0 0 	# 运 [8fd0 ]
物 0 0,255,0,255,0,0,0,0,0,0 NULL 0 0 0 	# 物 [7269 ]
馆 0 0,255,0,255,0,0,0,0,0,0 NULL 0 0 0 	# 馆 [9986 ]
博 0 0,255,0,255,0,0,0,0,0,0 NULL 0 0 0 	# 博 [535a ]
究 0 0,255,0,255,0,0,0,0,0,0 NULL 0 0 0 	# 究 [7a76 ]
研 0 0,255,0,255,0,0,0,0,0,0 NULL 0 0 0 	# 研 [7814 ]
融 0 0,255,0,255,0,0,0,0,0,0 NULL 0 0 0 	# 融 [878d ]
法 0 0,255,0,255,0,0,0,0,0,0 NULL 0 0 0 	# 法 [6cd5 ]
结 0 0,255,0,255,0,0,0,0,0,0 NULL 0 0 0 	# 结 [7ed3 ]
钢 0 0,255,0,255,0,0,0,0,0,0 NULL 0 0 0 	# 钢 [94a2 ]
件 0 0,255,0,255,0,0,0,0,0,0 NULL 0 0 0 	# 件 [4ef6 ]
间 0 0,255,0,255,0,0,0,0,0,0 NULL 0 0 0 	# 间 [95f4 ]
互 0 0,255,0,255,0,0,0,0,0,0 NULL 0 0 0 	# 互 [4e92 ]
码 0 0,255,0,255,0,0,0,0,0,0 NULL 0 0 0 	# 码 [7801 ]
喷 0 0,255,0,255,0,0,0,0,0,0 NULL 0 0 0 	# 喷 [55b7 ]
办 0 0,255,0,255,0,0,0,0,0,0 NULL 0 0 0 	# 办 [529e ]
审 0 0,255,0,255,0,0,0,0,0,0 NULL 0 0 0 	# 审 [5ba1 ]
放 0 0,255,0,255,0,0,0,0,0,0 NULL 0 0 0 	# 放 [653e ]
射 0 0,255,0,255,0,0,0,0,0,0 NULL 0 0 0 	# 射 [5c04 ]
片 0 0,255,0,255,0,0,0,0,0,0 NULL 0 0 0 	# 片 [7247 ]
救 0 0,255,0,255,0,0,0,0,0,0 NULL 0 0 0 	# 救 [6551 ]
课 0 0,255,0,255,0,0,0,0,0,0 NULL 0 0 0 	# 课 [8bfe ]
剪 0 0,255,0,255,0,0,0,0,0,0 NULL 0 0 0 	# 剪 [526a ]
口 0 0,255,0,255,0,0,0,0,0,0 NULL 0 0 0 	# 口 [53e3 ]
售 0 0,255,0,255,0,0,0,0,0,0 NULL 0 0 0 	# 售 [552e ]
会 0 0,255,0,255,0,0,0,0,0,0 NULL 0 0 0 	# 会 [4f1a ]
自 0 0,255,0,255,0,0,0,0,0,0 NULL 0 0 0 	# 自 [81ea ]
发 0 0,255,0,255,0,0,0,0,0,0 NULL 0 0 0 	# 发 [53d1 ]
决 0 0,255,0,255,0,0,0,0,0,0 NULL 0 0 0 	# 决 [51b3 ]
包 0 0,255,0,255,0,0,0,0,0,0 NULL 0 0 0 	# 包 [5305 ]
孵 0 0,255,0,255,0,0,0,0,0,0 NULL 0 0 0 	# 孵 [5b75 ]
多 0 0,255,0,255,0,0,0,0,0,0 NULL 0 0 0 	# 多 [591a ]
媒 0 0,255,0,255,0,0,0,0,0,0 NULL 0 0 0 	# 媒 [5a92 ]
牧 0 0,255,0,255,0,0,0,0,0,0 NULL 0 0 0 	# 牧 [7267 ]
畜 0 0,255,0,255,0,0,0,0,0,0 NULL 0 0 0 	# 畜 [755c ]
